# Simulation 2 (Up to date)
# 1279 data points written for 6 variables.
# Simulation warnings:
#   Body calculations may not be entirely accurate at supersonic speeds.
#
# Time (s)	Altitude (m)	Position East of launch (m)	Position North of launch (m)	Latitude (°)	Longitude (°)
# Event LAUNCH occurred at t=0 seconds
# Event IGNITION occurred at t=0 seconds
0	0	0	0	47	-81
0.01	0	0	0	47	-81
0.02	5.5828e-4	0	0	47	-81
0.03	0.0033611	0	0	47	-81
0.04	0.011094	0	0	47	-81
# Event LIFTOFF occurred at t=0.05 seconds
0.05	0.026873	0	0	47	-81
0.06	0.053312	0	0	47	-81
0.07	0.091715	0	0	47	-81
0.08	0.14229	0	0	47	-81
0.09	0.20494	0	0	47	-81
0.1	0.27958	0	0	47	-81
0.11	0.36613	0	0	47	-81
0.12	0.46454	0	0	47	-81
0.12958	0.56997	0	0	47	-81
0.13823	0.67438	0	0	47	-81
0.14617	0.7781	0	0	47	-81
0.15357	0.88131	0	0	47	-81
0.16051	0.98415	0	0	47	-81
# Event LAUNCHROD occurred at t=0.16709 seconds
0.16709	1.0867	0	0	47	-81
0.17695	1.25	-5.878e-6	0	47	-81
0.19175	1.5162	-3.7585e-5	0	47	-81
0.21394	1.9633	-1.4011e-4	0	47	-81
0.24722	2.7408	-4.2979e-4	0	47	-81
0.29715	4.1456	-0.0012085	-5.6464e-9	47	-81
0.34715	5.8373	-0.002458	-1.5974e-8	47	-81
0.39715	7.812	-0.0042558	-2.8546e-8	47	-81
0.44715	10.068	-0.0066101	-4.0166e-8	47	-81
0.49715	12.605	-0.0094762	-4.9517e-8	47	-81
0.54715	15.424	-0.012754	-6.3711e-8	47	-81
0.59715	18.523	-0.016285	-9.5022e-8	47	-81
0.64715	21.905	-0.019812	-1.5765e-7	47	-81
0.69715	25.567	-0.022995	-2.9987e-7	47	-81
0.74715	29.512	-0.025431	-5.5296e-7	47	-81
0.79715	33.739	-0.026587	-9.9491e-7	47	-81
0.84715	38.247	-0.025794	-1.7492e-6	47	-81
0.89715	43.037	-0.022245	-2.9577e-6	47	-81
0.94715	48.107	-0.015057	-4.7531e-6	47	-81
0.99715	53.457	-0.0032828	-7.2612e-6	47	-81
1.0472	59.085	0.014038	-1.0661e-5	47	-81
1.0972	64.992	0.037953	-1.5107e-5	47	-81
1.1472	71.176	0.069605	-2.0613e-5	47	-81
1.1972	77.637	0.11011	-2.7137e-5	47	-81
1.2472	84.373	0.16051	-3.4491e-5	47	-81
1.2972	91.385	0.22185	-4.2337e-5	47	-81
1.3472	98.671	0.29517	-5.043e-5	47	-81
1.3972	106.23	0.38128	-5.8568e-5	47	-81
1.4472	114.06	0.48073	-6.675e-5	47	-81
1.4972	122.16	0.59375	-7.4875e-5	47	-81
1.5472	130.54	0.72022	-8.2674e-5	47	-81
1.5972	139.18	0.85979	-9.0282e-5	47	-81
1.6472	148.09	1.0117	-9.7567e-5	47	-81
1.6972	157.27	1.1748	-1.0412e-4	47	-81
1.7472	166.71	1.3477	-1.094e-4	47	-81
1.7972	176.42	1.5289	-1.1287e-4	47	-81
1.8472	186.39	1.717	-1.1421e-4	47	-81
1.8972	196.62	1.9108	-1.1407e-4	47	-81
1.9472	207.11	2.1099	-1.1382e-4	47	-81
1.9972	217.86	2.3139	-1.1466e-4	47	-81
2.0472	228.87	2.523	-1.1712e-4	47	-81
2.0972	240.13	2.7378	-1.2098e-4	47	-81
2.1472	251.64	2.959	-1.2463e-4	47	-81
2.1972	263.4	3.1878	-1.2541e-4	47	-81
2.2472	275.42	3.4256	-1.2005e-4	47	-81
2.2972	287.68	3.6736	-1.0643e-4	47	-81
2.3472	300.19	3.9327	-8.367e-5	47	-81
2.3972	312.94	4.203	-5.2401e-5	47	-81
2.4472	325.93	4.4843	-1.5003e-5	47	-81
2.4972	339.16	4.7749	2.5207e-5	47	-81
2.5472	352.63	5.0736	6.4871e-5	47	-81
2.5972	366.33	5.3785	1.0056e-4	47	-81
2.6472	380.27	5.6885	1.2955e-4	47	-81
2.6972	394.44	6.0031	1.4992e-4	47	-81
2.7472	408.83	6.3225	1.6217e-4	47	-81
2.7972	423.45	6.6478	1.6822e-4	47	-81
2.8472	438.29	6.9804	1.6931e-4	47	-81
2.8972	453.34	7.3214	1.6667e-4	47	-81
2.9472	468.61	7.6718	1.6297e-4	47	-81
2.9972	484.1	8.0314	1.6096e-4	47	-81
3.0472	499.79	8.3999	1.6425e-4	47	-81
3.0972	515.68	8.7755	1.7529e-4	47	-81
3.1472	531.78	9.1567	1.923e-4	47	-81
3.1972	548.08	9.5424	2.0955e-4	47	-81
3.2472	564.59	9.9325	2.2214e-4	47	-81
3.2972	581.28	10.328	2.3194e-4	47	-81
3.3472	598.17	10.73	2.4392e-4	47	-81
3.3972	615.25	11.139	2.6299e-4	47	-81
3.4472	632.52	11.557	2.9367e-4	47	-81
3.4972	649.98	11.982	3.3572e-4	47	-81
3.5472	667.61	12.413	3.8437e-4	47	-81
3.5972	685.43	12.849	4.3312e-4	47	-81
3.6472	703.42	13.289	4.7799e-4	47	-81
3.6972	721.59	13.734	5.1794e-4	47	-81
3.7472	739.94	14.185	5.5801e-4	47	-81
3.7972	758.45	14.643	6.1217e-4	47	-81
3.8472	777.13	15.108	6.9677e-4	47	-81
3.8972	795.98	15.579	8.1357e-4	47	-81
3.9472	814.99	16.057	9.455e-4	47	-81
3.9972	834.16	16.54	0.0010653	47	-81
4.0472	853.5	17.027	0.0011501	47	-81
4.0972	872.98	17.52	0.001197	47	-81
4.1472	892.63	18.017	0.0012268	47	-81
4.1972	912.42	18.519	0.0012708	47	-81
4.2472	932.36	19.027	0.0013506	47	-81
4.2972	952.46	19.541	0.0014605	47	-81
4.3472	972.7	20.062	0.0015747	47	-81
4.3972	993.08	20.588	0.0016682	47	-81
4.4472	1013.6	21.118	0.0017379	47	-81
4.4972	1034.3	21.651	0.001797	47	-81
4.5472	1055	22.188	0.0018683	47	-81
4.5972	1075.9	22.73	0.0019705	47	-81
4.6472	1096.9	23.277	0.0021061	47	-81
4.6972	1118	23.828	0.002259	47	-81
4.7472	1139.1	24.381	0.002412	47	-81
4.7972	1160.3	24.936	0.0025539	47	-81
4.8472	1181.5	25.492	0.0026763	47	-81
4.8972	1202.7	26.049	0.0027837	47	-81
4.9472	1223.9	26.606	0.0028912	47	-81
4.9972	1245.1	27.163	0.0030177	47	-81
5.0472	1266.3	27.721	0.0031739	47	-81
5.0972	1287.5	28.279	0.0033475	47	-81
5.1472	1308.7	28.838	0.0035193	47	-81
5.1972	1329.8	29.395	0.0036747	47	-81
5.2472	1350.9	29.952	0.0038147	47	-81
5.2972	1371.9	30.507	0.0039503	47	-81
5.3472	1392.9	31.063	0.0040945	47	-81
5.3972	1413.8	31.617	0.0042525	47	-81
# Event BURNOUT occurred at t=5.4472 seconds
# Event EJECTION_CHARGE occurred at t=5.4472 seconds
5.4472	1434.7	32.169	0.0044206	47	-81
5.4972	1455.4	32.719	0.0045899	47	-81
5.5472	1476.1	33.267	0.0047558	47	-81
5.5972	1496.6	33.812	0.0049137	47	-81
5.6472	1517	34.356	0.0050674	47	-81
5.6972	1537.4	34.896	0.0052244	47	-81
5.7472	1557.6	35.434	0.005392	47	-81
5.7972	1577.8	35.969	0.0055735	47	-81
5.8472	1597.8	36.501	0.0057611	47	-81
5.8972	1617.8	37.031	0.0059489	47	-81
5.9472	1637.6	37.559	0.0061308	47	-81
5.9972	1657.4	38.085	0.0063041	47	-80.999
6.0472	1677	38.609	0.0064789	47	-80.999
6.0972	1696.6	39.13	0.0066663	47	-80.999
6.1472	1716	39.648	0.0068688	47	-80.999
6.1972	1735.4	40.164	0.007081	47	-80.999
6.2472	1754.7	40.678	0.0072959	47	-80.999
6.2972	1773.9	41.19	0.0075035	47	-80.999
6.3472	1793	41.701	0.0077038	47	-80.999
6.3972	1812	42.209	0.0079029	47	-80.999
6.4472	1830.9	42.715	0.0081103	47	-80.999
6.4972	1849.7	43.219	0.008334	47	-80.999
6.5472	1868.4	43.72	0.0085758	47	-80.999
6.5972	1887.1	44.219	0.0088319	47	-80.999
6.6472	1905.7	44.716	0.009091	47	-80.999
6.6972	1924.1	45.21	0.0093414	47	-80.999
6.7472	1942.5	45.703	0.0095802	47	-80.999
6.7972	1960.8	46.193	0.0098162	47	-80.999
6.8472	1979	46.682	0.01006	47	-80.999
6.8972	1997.2	47.169	0.010318	47	-80.999
6.9472	2015.2	47.654	0.010587	47	-80.999
6.9972	2033.2	48.136	0.010865	47	-80.999
7.0472	2051.1	48.617	0.011147	47	-80.999
7.0972	2068.9	49.097	0.011422	47	-80.999
7.1472	2086.6	49.574	0.011683	47	-80.999
7.1972	2104.2	50.048	0.011926	47	-80.999
7.2472	2121.8	50.522	0.012163	47	-80.999
7.2972	2139.2	50.993	0.012402	47	-80.999
7.3472	2156.6	51.464	0.01265	47	-80.999
7.3972	2173.9	51.932	0.012909	47	-80.999
7.4472	2191.2	52.399	0.013176	47	-80.999
7.4972	2208.3	52.863	0.013447	47	-80.999
7.5472	2225.4	53.325	0.013717	47	-80.999
7.5972	2242.4	53.786	0.013983	47	-80.999
7.6472	2259.4	54.244	0.014246	47	-80.999
7.6972	2276.2	54.701	0.014508	47	-80.999
7.7472	2293	55.157	0.014773	47	-80.999
7.7972	2309.7	55.61	0.015044	47	-80.999
7.8472	2326.3	56.062	0.015318	47	-80.999
7.8972	2342.9	56.513	0.015595	47	-80.999
7.9472	2359.4	56.962	0.015872	47	-80.999
7.9972	2375.8	57.409	0.016149	47	-80.999
8.0472	2392.1	57.854	0.016429	47	-80.999
8.0972	2408.4	58.298	0.016713	47	-80.999
8.1472	2424.6	58.739	0.017002	47	-80.999
8.1972	2440.7	59.179	0.017296	47	-80.999
8.2472	2456.8	59.618	0.017589	47	-80.999
8.2972	2472.8	60.056	0.017879	47	-80.999
8.3472	2488.7	60.493	0.018163	47	-80.999
8.3972	2504.5	60.929	0.018443	47	-80.999
8.4472	2520.3	61.362	0.018722	47	-80.999
8.4972	2536	61.793	0.019007	47	-80.999
8.5472	2551.7	62.222	0.019298	47	-80.999
8.5972	2567.2	62.649	0.019596	47	-80.999
8.6472	2582.8	63.075	0.019902	47	-80.999
8.6972	2598.2	63.5	0.020213	47	-80.999
8.7472	2613.6	63.924	0.020525	47	-80.999
8.7972	2628.9	64.347	0.020832	47	-80.999
8.8472	2644.1	64.769	0.021129	47	-80.999
8.8972	2659.3	65.188	0.021417	47	-80.999
8.9472	2674.4	65.606	0.021698	47	-80.999
8.9972	2689.5	66.022	0.021977	47	-80.999
9.0472	2704.5	66.437	0.022259	47	-80.999
9.0972	2719.4	66.849	0.02255	47	-80.999
9.1472	2734.3	67.261	0.022853	47	-80.999
9.1972	2749.1	67.672	0.023169	47	-80.999
9.2472	2763.8	68.082	0.023496	47	-80.999
9.2972	2778.5	68.491	0.02383	47	-80.999
9.3472	2793.1	68.899	0.024165	47	-80.999
9.3972	2807.6	69.305	0.024496	47	-80.999
9.4472	2822.1	69.71	0.024819	47	-80.999
9.4972	2836.6	70.113	0.025134	47	-80.999
9.5472	2850.9	70.513	0.025441	47	-80.999
9.5972	2865.2	70.912	0.025746	47	-80.999
9.6472	2879.5	71.31	0.026054	47	-80.999
9.6972	2893.7	71.707	0.026368	47	-80.999
9.7472	2907.8	72.102	0.026693	47	-80.999
9.7972	2921.9	72.497	0.027027	47	-80.999
9.8472	2935.9	72.89	0.02737	47	-80.999
9.8972	2949.9	73.282	0.027717	47	-80.999
9.9472	2963.8	73.674	0.028066	47	-80.999
9.9972	2977.7	74.065	0.028414	47	-80.999
10.047	2991.5	74.455	0.028759	47	-80.999
10.097	3005.3	74.843	0.029101	47	-80.999
10.147	3018.9	75.231	0.02944	47	-80.999
10.197	3032.6	75.617	0.029779	47	-80.999
10.247	3046.2	76.002	0.03012	47	-80.999
10.297	3059.7	76.385	0.030463	47	-80.999
10.347	3073.2	76.768	0.03081	47	-80.999
10.397	3086.6	77.15	0.031162	47	-80.999
10.447	3100	77.531	0.031516	47	-80.999
10.497	3113.3	77.91	0.031873	47	-80.999
10.547	3126.6	78.288	0.03223	47	-80.999
10.597	3139.8	78.665	0.032588	47	-80.999
10.647	3153	79.041	0.032946	47	-80.999
10.697	3166.1	79.416	0.033302	47	-80.999
10.747	3179.2	79.789	0.033656	47	-80.999
10.797	3192.2	80.161	0.034008	47	-80.999
10.847	3205.2	80.532	0.03436	47	-80.999
10.897	3218.1	80.902	0.034713	47	-80.999
10.947	3231	81.271	0.035069	47	-80.999
10.997	3243.8	81.64	0.035431	47	-80.999
11.047	3256.6	82.008	0.035799	47	-80.999
11.097	3269.3	82.376	0.036175	47	-80.999
11.147	3282	82.744	0.036556	47	-80.999
11.197	3294.6	83.111	0.036941	47	-80.999
11.247	3307.2	83.476	0.037327	47	-80.999
11.297	3319.7	83.84	0.037714	47	-80.999
11.347	3332.2	84.202	0.038098	47	-80.999
11.397	3344.6	84.563	0.038478	47	-80.999
11.447	3357	84.922	0.038855	47	-80.999
11.497	3369.4	85.281	0.039229	47	-80.999
11.547	3381.7	85.639	0.039603	47	-80.999
11.597	3393.9	85.997	0.03998	47	-80.999
11.647	3406.1	86.355	0.040361	47	-80.999
11.697	3418.3	86.712	0.040751	47	-80.999
11.747	3430.4	87.068	0.041148	47	-80.999
11.797	3442.5	87.424	0.041554	47	-80.999
11.847	3454.5	87.779	0.041968	47	-80.999
11.897	3466.5	88.133	0.042386	47	-80.999
11.947	3478.4	88.485	0.042808	47	-80.999
11.997	3490.3	88.836	0.04323	47	-80.999
12.047	3502.2	89.186	0.04365	47	-80.999
12.097	3514	89.535	0.044068	47	-80.999
12.147	3525.7	89.883	0.044483	47	-80.999
12.197	3537.4	90.229	0.044894	47	-80.999
12.247	3549.1	90.574	0.045303	47	-80.999
12.297	3560.7	90.919	0.045711	47	-80.999
12.347	3572.3	91.263	0.04612	47	-80.999
12.397	3583.9	91.608	0.046532	47	-80.999
12.447	3595.4	91.952	0.046949	47	-80.999
12.497	3606.8	92.297	0.047372	47	-80.999
12.547	3618.2	92.641	0.047801	47	-80.999
12.597	3629.6	92.985	0.048237	47	-80.999
12.647	3640.9	93.328	0.048678	47	-80.999
12.697	3652.2	93.669	0.049123	47	-80.999
12.747	3663.5	94.009	0.04957	47	-80.999
12.797	3674.7	94.346	0.050017	47	-80.999
12.847	3685.8	94.683	0.050463	47	-80.999
12.897	3697	95.017	0.050906	47	-80.999
12.947	3708	95.351	0.051345	47	-80.999
12.997	3719.1	95.685	0.051782	47	-80.999
13.047	3730.1	96.018	0.052215	47	-80.999
13.097	3741	96.352	0.052648	47	-80.999
13.147	3751.9	96.686	0.05308	47	-80.999
13.197	3762.8	97.02	0.053515	47	-80.999
13.247	3773.7	97.354	0.053953	47	-80.999
13.297	3784.5	97.688	0.054394	47	-80.999
13.347	3795.2	98.022	0.05484	47	-80.999
13.397	3805.9	98.355	0.055289	47	-80.999
13.447	3816.6	98.688	0.055742	47	-80.999
13.497	3827.2	99.019	0.056197	47	-80.999
13.547	3837.8	99.349	0.056655	47	-80.999
13.597	3848.4	99.678	0.057114	47	-80.999
13.647	3858.9	100	0.057576	47	-80.999
13.697	3869.4	100.33	0.058038	47	-80.999
13.747	3879.8	100.65	0.0585	47	-80.999
13.797	3890.3	100.97	0.058962	47	-80.999
13.847	3900.6	101.3	0.059423	47	-80.999
13.897	3910.9	101.62	0.059883	47	-80.999
13.947	3921.2	101.94	0.060342	47	-80.999
13.997	3931.5	102.26	0.0608	47	-80.999
14.047	3941.7	102.58	0.061258	47	-80.999
14.097	3951.9	102.9	0.061716	47	-80.999
14.147	3962	103.22	0.062175	47	-80.999
14.197	3972.1	103.54	0.062636	47	-80.999
14.247	3982.2	103.86	0.0631	47	-80.999
14.297	3992.2	104.18	0.063566	47	-80.999
14.347	4002.2	104.5	0.064035	47	-80.999
14.397	4012.1	104.82	0.064507	47	-80.999
14.447	4022	105.14	0.064982	47	-80.999
14.497	4031.9	105.46	0.065458	47	-80.999
14.547	4041.8	105.78	0.065937	47	-80.999
14.597	4051.6	106.1	0.066416	47	-80.999
14.647	4061.3	106.41	0.066896	47	-80.999
14.697	4071.1	106.72	0.067376	47	-80.999
14.747	4080.8	107.04	0.067855	47	-80.999
14.797	4090.4	107.35	0.068334	47	-80.999
14.847	4100	107.66	0.068812	47	-80.999
14.897	4109.6	107.97	0.069289	47	-80.999
14.947	4119.2	108.28	0.069767	47	-80.999
14.997	4128.7	108.59	0.070245	47	-80.999
15.047	4138.2	108.9	0.070722	47	-80.999
15.097	4147.6	109.21	0.071201	47	-80.999
15.147	4157	109.52	0.07168	47	-80.999
15.197	4166.4	109.83	0.072159	47	-80.999
15.247	4175.7	110.14	0.07264	47	-80.999
15.297	4185	110.45	0.073121	47	-80.999
15.347	4194.3	110.75	0.073604	47	-80.999
15.397	4203.5	111.06	0.074087	47	-80.999
15.447	4212.7	111.37	0.07457	47	-80.999
15.497	4221.9	111.68	0.075055	47	-80.999
15.547	4231	111.98	0.07554	47	-80.999
15.597	4240.1	112.29	0.076027	47	-80.999
15.647	4249.1	112.6	0.076516	47	-80.999
15.697	4258.1	112.9	0.077005	47	-80.999
15.747	4267.1	113.2	0.077497	47	-80.999
15.797	4276.1	113.51	0.077989	47	-80.999
15.847	4285	113.81	0.078483	47	-80.998
15.897	4293.9	114.11	0.078977	47	-80.998
15.947	4302.7	114.41	0.079473	47	-80.998
15.997	4311.6	114.71	0.079968	47	-80.998
16.047	4320.3	115.01	0.080463	47	-80.998
16.097	4329.1	115.31	0.080958	47	-80.998
16.147	4337.8	115.61	0.081452	47	-80.998
16.197	4346.5	115.9	0.081946	47	-80.998
16.247	4355.1	116.2	0.082439	47	-80.998
16.297	4363.8	116.5	0.082931	47	-80.998
16.347	4372.3	116.8	0.083423	47	-80.998
16.397	4380.9	117.09	0.083914	47	-80.998
16.447	4389.4	117.39	0.084406	47	-80.998
16.497	4397.9	117.69	0.084897	47	-80.998
16.547	4406.3	117.99	0.08539	47	-80.998
16.597	4414.7	118.29	0.085884	47	-80.998
16.647	4423.1	118.58	0.08638	47	-80.998
16.697	4431.5	118.88	0.086878	47	-80.998
16.747	4439.8	119.18	0.087379	47	-80.998
16.797	4448.1	119.47	0.087882	47	-80.998
16.847	4456.3	119.77	0.088389	47	-80.998
16.897	4464.6	120.06	0.088898	47	-80.998
16.947	4472.7	120.35	0.089411	47	-80.998
16.997	4480.9	120.64	0.089926	47	-80.998
17.047	4489	120.93	0.090444	47	-80.998
17.097	4497.1	121.22	0.090964	47	-80.998
17.147	4505.2	121.51	0.091485	47	-80.998
17.197	4513.2	121.8	0.092008	47	-80.998
17.247	4521.2	122.09	0.092532	47	-80.998
17.297	4529.2	122.38	0.093056	47	-80.998
17.347	4537.1	122.67	0.093581	47	-80.998
17.397	4545	122.96	0.094106	47	-80.998
17.447	4552.8	123.25	0.09463	47	-80.998
17.497	4560.7	123.54	0.095154	47	-80.998
17.547	4568.5	123.82	0.095676	47	-80.998
17.597	4576.3	124.11	0.096198	47	-80.998
17.647	4584	124.4	0.096719	47	-80.998
17.697	4591.7	124.69	0.097239	47	-80.998
17.747	4599.4	124.98	0.097758	47	-80.998
17.797	4607	125.27	0.098277	47	-80.998
17.847	4614.7	125.55	0.098796	47	-80.998
17.897	4622.2	125.84	0.099316	47	-80.998
17.947	4629.8	126.13	0.099837	47	-80.998
17.997	4637.3	126.41	0.10036	47	-80.998
18.047	4644.8	126.7	0.10088	47	-80.998
18.097	4652.3	126.98	0.10141	47	-80.998
18.147	4659.7	127.27	0.10194	47	-80.998
18.197	4667.1	127.55	0.10247	47	-80.998
18.247	4674.5	127.83	0.10301	47	-80.998
18.297	4681.8	128.11	0.10355	47	-80.998
18.347	4689.1	128.39	0.10409	47	-80.998
18.397	4696.4	128.67	0.10463	47	-80.998
18.447	4703.6	128.95	0.10518	47	-80.998
18.497	4710.8	129.23	0.10572	47	-80.998
18.547	4718	129.5	0.10627	47	-80.998
18.597	4725.2	129.78	0.10682	47	-80.998
18.647	4732.3	130.06	0.10737	47	-80.998
18.697	4739.4	130.34	0.10791	47	-80.998
18.747	4746.5	130.62	0.10846	47	-80.998
18.797	4753.5	130.89	0.10901	47	-80.998
18.847	4760.5	131.17	0.10956	47	-80.998
18.897	4767.5	131.45	0.11011	47	-80.998
18.947	4774.4	131.73	0.11066	47	-80.998
18.997	4781.3	132.01	0.1112	47	-80.998
19.047	4788.2	132.29	0.11175	47	-80.998
19.097	4795.1	132.57	0.1123	47	-80.998
19.147	4801.9	132.85	0.11285	47	-80.998
19.197	4808.7	133.13	0.1134	47	-80.998
19.247	4815.5	133.41	0.11396	47	-80.998
19.297	4822.2	133.69	0.11451	47	-80.998
19.347	4828.9	133.97	0.11506	47	-80.998
19.397	4835.6	134.25	0.11562	47	-80.998
19.447	4842.2	134.53	0.11617	47	-80.998
19.497	4848.9	134.8	0.11673	47	-80.998
19.547	4855.5	135.08	0.11729	47	-80.998
19.597	4862	135.35	0.11785	47	-80.998
19.647	4868.5	135.62	0.11841	47	-80.998
19.697	4875	135.89	0.11897	47	-80.998
19.747	4881.5	136.17	0.11954	47	-80.998
19.797	4888	136.44	0.1201	47	-80.998
19.847	4894.4	136.7	0.12067	47	-80.998
19.897	4900.8	136.97	0.12124	47	-80.998
19.947	4907.1	137.24	0.12181	47	-80.998
19.997	4913.4	137.51	0.12238	47	-80.998
20.047	4919.7	137.78	0.12295	47	-80.998
20.097	4926	138.04	0.12352	47	-80.998
20.147	4932.3	138.31	0.12409	47	-80.998
20.197	4938.5	138.58	0.12467	47	-80.998
20.247	4944.7	138.85	0.12524	47	-80.998
20.297	4950.8	139.11	0.12582	47	-80.998
20.347	4956.9	139.38	0.1264	47	-80.998
20.397	4963	139.65	0.12698	47	-80.998
20.447	4969.1	139.92	0.12756	47	-80.998
20.497	4975.1	140.19	0.12814	47	-80.998
20.547	4981.2	140.46	0.12872	47	-80.998
20.597	4987.1	140.73	0.1293	47	-80.998
20.647	4993.1	141	0.12988	47	-80.998
20.697	4999	141.27	0.13046	47	-80.998
20.747	5004.9	141.55	0.13104	47	-80.998
20.797	5010.8	141.82	0.13163	47	-80.998
20.847	5016.6	142.09	0.13221	47	-80.998
20.897	5022.5	142.36	0.13279	47	-80.998
20.947	5028.2	142.63	0.13338	47	-80.998
20.997	5034	142.9	0.13396	47	-80.998
21.047	5039.7	143.16	0.13454	47	-80.998
21.097	5045.4	143.43	0.13513	47	-80.998
21.147	5051.1	143.7	0.13572	47	-80.998
21.197	5056.7	143.96	0.1363	47	-80.998
21.247	5062.4	144.23	0.13689	47	-80.998
21.297	5068	144.49	0.13748	47	-80.998
21.347	5073.5	144.76	0.13807	47	-80.998
21.397	5079.1	145.02	0.13866	47	-80.998
21.447	5084.6	145.28	0.13925	47	-80.998
21.497	5090	145.54	0.13985	47	-80.998
21.547	5095.5	145.8	0.14044	47	-80.998
21.597	5100.9	146.06	0.14104	47	-80.998
21.647	5106.3	146.32	0.14164	47	-80.998
21.697	5111.7	146.58	0.14224	47	-80.998
21.747	5117	146.84	0.14284	47	-80.998
21.797	5122.3	147.1	0.14344	47	-80.998
21.847	5127.6	147.36	0.14404	47	-80.998
21.897	5132.9	147.62	0.14465	47	-80.998
21.947	5138.1	147.88	0.14526	47	-80.998
21.997	5143.3	148.14	0.14586	47	-80.998
22.047	5148.5	148.4	0.14647	47	-80.998
22.097	5153.7	148.65	0.14708	47	-80.998
22.147	5158.8	148.91	0.1477	47	-80.998
22.197	5163.9	149.17	0.14831	47	-80.998
22.247	5168.9	149.43	0.14892	47	-80.998
22.297	5174	149.69	0.14954	47	-80.998
22.347	5179	149.95	0.15015	47	-80.998
22.397	5184	150.21	0.15077	47	-80.998
22.447	5188.9	150.47	0.15139	47	-80.998
22.497	5193.9	150.73	0.15201	47	-80.998
22.547	5198.8	151	0.15262	47	-80.998
22.597	5203.7	151.26	0.15324	47	-80.998
22.647	5208.5	151.52	0.15387	47	-80.998
22.697	5213.3	151.78	0.15449	47	-80.998
22.747	5218.1	152.04	0.15511	47	-80.998
22.797	5222.9	152.3	0.15573	47	-80.998
22.847	5227.7	152.56	0.15636	47	-80.998
22.897	5232.4	152.82	0.15698	47	-80.998
22.947	5237.1	153.08	0.15761	47	-80.998
22.997	5241.7	153.34	0.15824	47	-80.998
23.047	5246.4	153.6	0.15886	47	-80.998
23.097	5251	153.85	0.15949	47	-80.998
23.147	5255.6	154.11	0.16012	47	-80.998
23.197	5260.1	154.37	0.16075	47	-80.998
23.247	5264.6	154.63	0.16138	47	-80.998
23.297	5269.1	154.88	0.16201	47	-80.998
23.347	5273.6	155.14	0.16265	47	-80.998
23.397	5278.1	155.39	0.16328	47	-80.998
23.447	5282.5	155.65	0.16391	47	-80.998
23.497	5286.9	155.9	0.16455	47	-80.998
23.547	5291.3	156.16	0.16519	47	-80.998
23.597	5295.6	156.41	0.16583	47	-80.998
23.647	5299.9	156.66	0.16647	47	-80.998
23.697	5304.2	156.91	0.16711	47	-80.998
23.747	5308.5	157.17	0.16775	47	-80.998
23.797	5312.7	157.42	0.16839	47	-80.998
23.847	5316.9	157.67	0.16903	47	-80.998
23.897	5321.1	157.92	0.16968	47	-80.998
23.947	5325.3	158.17	0.17033	47	-80.998
23.997	5329.4	158.42	0.17098	47	-80.998
24.047	5333.5	158.67	0.17163	47	-80.998
24.097	5337.6	158.93	0.17228	47	-80.998
24.147	5341.7	159.18	0.17293	47	-80.998
24.197	5345.7	159.43	0.17358	47	-80.998
24.247	5349.7	159.68	0.17424	47	-80.998
24.297	5353.7	159.93	0.17489	47	-80.998
24.347	5357.6	160.18	0.17555	47	-80.998
24.397	5361.5	160.43	0.17621	47	-80.998
24.447	5365.4	160.68	0.17687	47	-80.998
24.497	5369.3	160.93	0.17753	47	-80.998
24.547	5373.2	161.18	0.17819	47	-80.998
24.597	5377	161.43	0.17886	47	-80.998
24.647	5380.8	161.68	0.17952	47	-80.998
24.697	5384.5	161.92	0.18019	47	-80.998
24.747	5388.3	162.17	0.18086	47	-80.998
24.797	5392	162.42	0.18152	47	-80.998
24.847	5395.7	162.67	0.18219	47	-80.998
24.897	5399.4	162.92	0.18286	47	-80.998
24.947	5403	163.17	0.18353	47	-80.998
24.997	5406.6	163.42	0.18421	47	-80.998
25.047	5410.2	163.67	0.18488	47	-80.998
25.097	5413.8	163.91	0.18556	47	-80.998
25.147	5417.3	164.16	0.18623	47	-80.998
25.197	5420.8	164.41	0.18691	47	-80.998
25.247	5424.3	164.66	0.18758	47	-80.998
25.297	5427.8	164.91	0.18826	47	-80.998
25.347	5431.2	165.16	0.18894	47	-80.998
25.397	5434.6	165.4	0.18962	47	-80.998
25.447	5438	165.65	0.1903	47	-80.998
25.497	5441.3	165.9	0.19098	47	-80.998
25.547	5444.7	166.15	0.19166	47	-80.998
25.597	5448	166.4	0.19234	47	-80.998
25.647	5451.3	166.65	0.19303	47	-80.998
25.697	5454.5	166.89	0.19371	47	-80.998
25.747	5457.7	167.14	0.1944	47	-80.998
25.797	5460.9	167.39	0.19508	47	-80.998
25.847	5464.1	167.64	0.19577	47	-80.998
25.897	5467.3	167.89	0.19646	47	-80.998
25.947	5470.4	168.14	0.19714	47	-80.998
25.997	5473.5	168.38	0.19783	47	-80.998
26.047	5476.6	168.63	0.19852	47	-80.998
26.097	5479.6	168.88	0.19921	47	-80.998
26.147	5482.6	169.13	0.19991	47	-80.998
26.197	5485.6	169.37	0.2006	47	-80.998
26.247	5488.6	169.62	0.20129	47	-80.998
26.297	5491.6	169.87	0.20198	47	-80.998
26.347	5494.5	170.11	0.20268	47	-80.998
26.397	5497.4	170.36	0.20338	47	-80.998
26.447	5500.3	170.61	0.20407	47	-80.998
26.497	5503.1	170.85	0.20477	47	-80.998
26.547	5505.9	171.1	0.20547	47	-80.998
26.597	5508.7	171.34	0.20617	47	-80.998
26.647	5511.5	171.59	0.20687	47	-80.998
26.697	5514.2	171.83	0.20757	47	-80.998
26.747	5517	172.08	0.20827	47	-80.998
26.797	5519.7	172.32	0.20898	47	-80.998
26.847	5522.3	172.57	0.20968	47	-80.998
26.897	5525	172.81	0.21039	47	-80.998
26.947	5527.6	173.05	0.21109	47	-80.998
26.997	5530.2	173.3	0.2118	47	-80.998
27.047	5532.8	173.54	0.21251	47	-80.998
27.097	5535.3	173.78	0.21322	47	-80.998
27.147	5537.8	174.02	0.21393	47	-80.998
27.197	5540.3	174.26	0.21465	47	-80.998
27.247	5542.8	174.5	0.21536	47	-80.998
27.297	5545.2	174.75	0.21607	47	-80.998
27.347	5547.7	174.99	0.21679	47	-80.998
27.397	5550	175.23	0.21751	47	-80.998
27.447	5552.4	175.47	0.21822	47	-80.998
27.497	5554.8	175.71	0.21894	47	-80.998
27.547	5557.1	175.95	0.21966	47	-80.998
27.597	5559.4	176.19	0.22038	47	-80.998
27.647	5561.6	176.43	0.22111	47	-80.998
27.697	5563.9	176.67	0.22183	47	-80.998
27.747	5566.1	176.9	0.22256	47	-80.998
27.797	5568.3	177.14	0.22328	47	-80.998
27.847	5570.5	177.38	0.22401	47	-80.998
27.897	5572.6	177.62	0.22474	47	-80.998
27.947	5574.7	177.86	0.22547	47	-80.998
27.997	5576.8	178.1	0.2262	47	-80.998
28.047	5578.9	178.34	0.22693	47	-80.998
28.097	5580.9	178.57	0.22766	47	-80.998
28.147	5583	178.81	0.22839	47	-80.998
28.197	5585	179.05	0.22913	47	-80.998
28.247	5586.9	179.29	0.22986	47	-80.998
28.297	5588.9	179.53	0.2306	47	-80.998
28.347	5590.8	179.76	0.23134	47	-80.998
28.397	5592.7	180	0.23208	47	-80.998
28.447	5594.6	180.24	0.23282	47	-80.998
28.497	5596.4	180.48	0.23356	47	-80.998
28.547	5598.2	180.71	0.2343	47	-80.998
28.597	5600	180.95	0.23504	47	-80.998
28.647	5601.8	181.19	0.23579	47	-80.998
28.697	5603.6	181.43	0.23653	47	-80.998
28.747	5605.3	181.66	0.23728	47	-80.998
28.797	5607	181.9	0.23802	47	-80.998
28.847	5608.6	182.14	0.23877	47	-80.998
28.897	5610.3	182.37	0.23952	47	-80.998
28.947	5611.9	182.61	0.24027	47	-80.998
28.997	5613.5	182.84	0.24102	47	-80.998
29.047	5615.1	183.08	0.24177	47	-80.998
29.097	5616.6	183.32	0.24252	47	-80.998
29.147	5618.2	183.55	0.24327	47	-80.998
29.197	5619.7	183.79	0.24403	47	-80.998
29.247	5621.1	184.02	0.24478	47	-80.998
29.297	5622.6	184.26	0.24554	47	-80.998
29.347	5624	184.49	0.24629	47	-80.998
29.397	5625.4	184.73	0.24705	47	-80.998
29.447	5626.8	184.96	0.24781	47	-80.998
29.497	5628.1	185.2	0.24857	47	-80.998
29.547	5629.5	185.43	0.24933	47	-80.998
29.597	5630.8	185.67	0.25009	47	-80.998
29.647	5632	185.9	0.25085	47	-80.998
29.697	5633.3	186.13	0.25161	47	-80.998
29.747	5634.5	186.37	0.25237	47	-80.998
29.797	5635.7	186.6	0.25314	47	-80.998
29.847	5636.9	186.83	0.2539	47	-80.998
29.897	5638.1	187.07	0.25467	47	-80.998
29.947	5639.2	187.3	0.25543	47	-80.998
29.997	5640.3	187.53	0.2562	47	-80.998
30.047	5641.4	187.76	0.25697	47	-80.998
30.097	5642.4	188	0.25773	47	-80.998
30.147	5643.5	188.23	0.2585	47	-80.998
30.197	5644.5	188.46	0.25927	47	-80.998
30.247	5645.5	188.69	0.26004	47	-80.998
30.297	5646.4	188.92	0.26081	47	-80.998
30.347	5647.4	189.15	0.26158	47	-80.998
30.397	5648.3	189.38	0.26236	47	-80.998
30.447	5649.2	189.62	0.26313	47	-80.997
30.497	5650	189.85	0.2639	47	-80.997
30.547	5650.9	190.08	0.26467	47	-80.997
30.597	5651.7	190.31	0.26545	47	-80.997
30.647	5652.4	190.54	0.26622	47	-80.997
30.697	5653.2	190.77	0.267	47	-80.997
30.747	5653.9	191	0.26777	47	-80.997
30.797	5654.7	191.22	0.26855	47	-80.997
30.847	5655.4	191.45	0.26933	47	-80.997
30.897	5656	191.68	0.2701	47	-80.997
30.947	5656.7	191.91	0.27088	47	-80.997
30.997	5657.3	192.14	0.27166	47	-80.997
31.047	5657.9	192.36	0.27244	47	-80.997
31.097	5658.4	192.59	0.27322	47	-80.997
31.147	5659	192.82	0.274	47	-80.997
31.197	5659.5	193.05	0.27478	47	-80.997
31.247	5660	193.27	0.27556	47	-80.997
31.297	5660.5	193.5	0.27634	47	-80.997
31.347	5660.9	193.72	0.27712	47	-80.997
31.397	5661.3	193.95	0.2779	47	-80.997
31.447	5661.7	194.17	0.27868	47	-80.997
31.497	5662.1	194.4	0.27946	47	-80.997
31.547	5662.4	194.62	0.28024	47	-80.997
31.597	5662.8	194.85	0.28103	47	-80.997
31.647	5663.1	195.07	0.28181	47	-80.997
31.697	5663.3	195.29	0.28259	47	-80.997
31.747	5663.6	195.51	0.28337	47	-80.997
31.797	5663.8	195.74	0.28416	47	-80.997
31.847	5664	195.96	0.28494	47	-80.997
31.897	5664.2	196.18	0.28572	47	-80.997
31.947	5664.3	196.4	0.28651	47	-80.997
31.997	5664.5	196.62	0.28729	47	-80.997
32.047	5664.6	196.84	0.28807	47	-80.997
32.097	5664.6	197.06	0.28886	47	-80.997
32.147	5664.7	197.28	0.28965	47	-80.997
32.197	5664.7	197.5	0.29043	47	-80.997
32.247	5664.7	197.72	0.29122	47	-80.997
# Event APOGEE occurred at t=32.297 seconds
32.297	5664.7	197.94	0.29201	47	-80.997
32.347	5664.7	198.16	0.2928	47	-80.997
32.397	5664.6	198.38	0.29359	47	-80.997
32.447	5664.5	198.6	0.29438	47	-80.997
32.497	5664.4	198.82	0.29517	47	-80.997
32.547	5664.3	199.04	0.29596	47	-80.997
32.597	5664.1	199.26	0.29675	47	-80.997
32.647	5663.9	199.47	0.29754	47	-80.997
32.697	5663.7	199.69	0.29834	47	-80.997
32.747	5663.5	199.91	0.29913	47	-80.997
32.797	5663.2	200.13	0.29992	47	-80.997
32.847	5662.9	200.34	0.30072	47	-80.997
32.897	5662.6	200.56	0.30151	47	-80.997
32.947	5662.3	200.78	0.30231	47	-80.997
32.997	5661.9	200.99	0.3031	47	-80.997
33.047	5661.5	201.21	0.30389	47	-80.997
33.097	5661.1	201.42	0.30469	47	-80.997
33.147	5660.7	201.63	0.30548	47	-80.997
33.197	5660.2	201.85	0.30627	47	-80.997
33.247	5659.7	202.06	0.30706	47	-80.997
33.297	5659.2	202.27	0.30785	47	-80.997
33.347	5658.7	202.48	0.30864	47	-80.997
33.397	5658.2	202.69	0.30942	47	-80.997
33.447	5657.6	202.89	0.3102	47	-80.997
33.497	5657	203.1	0.31098	47	-80.997
33.547	5656.4	203.3	0.31176	47	-80.997
33.597	5655.7	203.51	0.31254	47	-80.997
33.647	5655.1	203.71	0.31331	47	-80.997
33.697	5654.4	203.91	0.31408	47	-80.997
33.747	5653.6	204.1	0.31484	47	-80.997
33.797	5652.9	204.29	0.3156	47	-80.997
33.847	5652.1	204.49	0.31635	47	-80.997
33.897	5651.4	204.67	0.3171	47	-80.997
33.947	5650.6	204.86	0.31784	47	-80.997
33.997	5649.7	205.04	0.31858	47	-80.997
34.047	5648.9	205.22	0.31931	47	-80.997
34.097	5648	205.4	0.32003	47	-80.997
34.147	5647.1	205.57	0.32075	47	-80.997
34.197	5646.2	205.75	0.32147	47	-80.997
34.247	5645.2	205.91	0.32217	47	-80.997
34.297	5644.2	206.08	0.32288	47	-80.997
# Event RECOVERY_DEVICE_DEPLOYMENT occurred at t=34.297 seconds
34.424	5641.7	206.48	0.32462	47	-80.997
34.558	5639	206.88	0.32638	47	-80.997
34.701	5636	207.27	0.3282	47	-80.997
34.856	5632.7	207.66	0.33006	47	-80.997
35.022	5629.1	208.04	0.33198	47	-80.997
35.206	5625.1	208.4	0.33397	47	-80.997
35.409	5620.5	208.75	0.33603	47	-80.997
35.637	5615.3	209.07	0.33817	47	-80.997
35.896	5609.2	209.36	0.34042	47	-80.997
36.201	5602	209.6	0.34279	47	-80.997
36.564	5593.3	209.75	0.34529	47	-80.997
37.006	5582.5	209.78	0.34788	47	-80.997
37.506	5570.2	209.62	0.3503	47	-80.997
38.006	5557.8	209.29	0.35224	47	-80.997
38.506	5545.3	208.82	0.3538	47	-80.997
39.006	5532.8	208.24	0.35502	47	-80.997
39.506	5520.3	207.59	0.35598	47	-80.997
40.006	5507.7	206.86	0.35672	47	-80.997
40.506	5495.2	206.08	0.35728	47	-80.997
41.006	5482.7	205.24	0.35768	47	-80.997
41.506	5470.1	204.35	0.35796	47	-80.997
42.006	5457.6	203.41	0.35814	47	-80.997
42.506	5445.1	202.46	0.35823	47	-80.997
43.006	5432.6	201.51	0.35826	47	-80.997
43.506	5420.1	200.55	0.35823	47	-80.997
44.006	5407.6	199.58	0.35815	47	-80.997
44.506	5395.1	198.62	0.35804	47	-80.997
45.006	5382.6	197.69	0.3579	47	-80.997
45.506	5370.2	196.76	0.35773	47	-80.997
46.006	5357.7	195.81	0.35755	47	-80.997
46.506	5345.3	194.83	0.35735	47	-80.997
47.006	5332.8	193.84	0.35715	47	-80.997
47.506	5320.4	192.84	0.35692	47	-80.997
48.006	5308	191.83	0.35669	47	-80.997
48.506	5295.5	190.84	0.35645	47	-80.997
49.006	5283.1	189.87	0.35621	47	-80.997
49.506	5270.7	188.92	0.35596	47	-80.998
50.006	5258.3	187.97	0.35571	47	-80.998
50.506	5246	187.02	0.35546	47	-80.998
51.006	5233.6	186.06	0.35521	47	-80.998
51.506	5221.2	185.08	0.35496	47	-80.998
52.006	5208.9	184.07	0.3547	47	-80.998
52.506	5196.5	183.08	0.35445	47	-80.998
53.006	5184.2	182.11	0.35419	47	-80.998
53.506	5171.8	181.13	0.35393	47	-80.998
54.006	5159.5	180.15	0.35367	47	-80.998
54.506	5147.2	179.14	0.35341	47	-80.998
55.006	5134.9	178.13	0.35314	47	-80.998
55.506	5122.6	177.1	0.35288	47	-80.998
56.006	5110.3	176.08	0.35261	47	-80.998
56.506	5098	175.05	0.35235	47	-80.998
57.006	5085.7	174.01	0.35208	47	-80.998
57.506	5073.5	172.95	0.35181	47	-80.998
58.006	5061.2	171.87	0.35153	47	-80.998
58.506	5048.9	170.78	0.35126	47	-80.998
59.006	5036.7	169.7	0.35098	47	-80.998
59.506	5024.5	168.66	0.3507	47	-80.998
60.006	5012.2	167.64	0.35042	47	-80.998
60.506	5e3	166.6	0.35014	47	-80.998
61.006	4987.8	165.55	0.34986	47	-80.998
61.506	4975.6	164.52	0.34959	47	-80.998
62.006	4963.4	163.52	0.34931	47	-80.998
62.506	4951.2	162.5	0.34903	47	-80.998
63.006	4939	161.49	0.34876	47	-80.998
63.506	4926.9	160.5	0.34849	47	-80.998
64.006	4914.7	159.49	0.34822	47	-80.998
64.506	4902.5	158.49	0.34795	47	-80.998
65.006	4890.4	157.49	0.34768	47	-80.998
65.506	4878.2	156.51	0.34741	47	-80.998
66.006	4866.1	155.55	0.34715	47	-80.998
66.506	4854	154.59	0.34689	47	-80.998
67.006	4841.9	153.63	0.34662	47	-80.998
67.506	4829.8	152.65	0.34637	47	-80.998
68.006	4817.7	151.66	0.34611	47	-80.998
68.506	4805.6	150.64	0.34585	47	-80.998
69.006	4793.5	149.63	0.34559	47	-80.998
69.506	4781.4	148.64	0.34533	47	-80.998
70.006	4769.4	147.66	0.34506	47	-80.998
70.506	4757.3	146.68	0.3448	47	-80.998
71.006	4745.2	145.68	0.34454	47	-80.998
71.506	4733.2	144.69	0.34428	47	-80.998
72.006	4721.2	143.71	0.34402	47	-80.998
72.506	4709.1	142.75	0.34376	47	-80.998
73.006	4697.1	141.8	0.34351	47	-80.998
73.506	4685.1	140.84	0.34325	47	-80.998
74.006	4673.1	139.88	0.343	47	-80.998
74.506	4661.1	138.91	0.34274	47	-80.998
75.006	4649.1	137.96	0.34249	47	-80.998
75.506	4637.1	136.99	0.34224	47	-80.998
76.006	4625.1	136	0.34199	47	-80.998
76.506	4613.2	134.99	0.34173	47	-80.998
77.006	4601.2	133.99	0.34148	47	-80.998
77.506	4589.3	133.02	0.34122	47	-80.998
78.006	4577.3	132.07	0.34097	47	-80.998
78.506	4565.4	131.09	0.34071	47	-80.998
79.006	4553.5	130.09	0.34046	47	-80.998
79.506	4541.5	129.09	0.3402	47	-80.998
80.006	4529.6	128.09	0.33995	47	-80.998
80.506	4517.7	127.12	0.33969	47	-80.998
81.006	4505.8	126.16	0.33944	47	-80.998
81.506	4493.9	125.18	0.33918	47	-80.998
82.006	4482	124.18	0.33893	47	-80.998
82.506	4470.2	123.13	0.33868	47	-80.998
83.006	4458.3	122.05	0.33842	47	-80.998
83.506	4446.4	120.99	0.33816	47	-80.998
84.006	4434.6	119.96	0.33789	47	-80.998
84.506	4422.7	118.93	0.33763	47	-80.998
85.006	4410.9	117.89	0.33736	47	-80.998
85.506	4399.1	116.86	0.3371	47	-80.998
86.006	4387.2	115.84	0.33683	47	-80.998
86.506	4375.4	114.83	0.33657	47	-80.998
87.006	4363.6	113.86	0.33631	47	-80.998
87.506	4351.8	112.91	0.33605	47	-80.999
88.006	4340	111.97	0.33579	47	-80.999
88.506	4328.2	111.02	0.33553	47	-80.999
89.006	4316.4	110.05	0.33528	47	-80.999
89.506	4304.7	109.09	0.33503	47	-80.999
90.006	4292.9	108.12	0.33478	47	-80.999
90.506	4281.2	107.15	0.33453	47	-80.999
91.006	4269.4	106.15	0.33429	47	-80.999
91.506	4257.7	105.15	0.33404	47	-80.999
92.006	4245.9	104.14	0.33378	47	-80.999
92.506	4234.2	103.1	0.33353	47	-80.999
93.006	4222.5	102.07	0.33328	47	-80.999
93.506	4210.8	101.06	0.33302	47	-80.999
94.006	4199.1	100.06	0.33276	47	-80.999
94.506	4187.4	99.082	0.33251	47	-80.999
95.006	4175.7	98.108	0.33225	47	-80.999
95.506	4164	97.122	0.332	47	-80.999
96.006	4152.3	96.127	0.33175	47	-80.999
96.506	4140.7	95.134	0.3315	47	-80.999
97.006	4129	94.127	0.33124	47	-80.999
97.506	4117.3	93.088	0.33099	47	-80.999
98.006	4105.7	92.036	0.33074	47	-80.999
98.506	4094	90.985	0.33048	47	-80.999
99.006	4082.4	89.915	0.33022	47	-80.999
99.506	4070.8	88.816	0.32996	47	-80.999
100.01	4059.2	87.719	0.32969	47	-80.999
100.51	4047.6	86.629	0.32943	47	-80.999
101.01	4035.9	85.543	0.32916	47	-80.999
101.51	4024.4	84.499	0.32889	47	-80.999
102.01	4012.8	83.502	0.32862	47	-80.999
102.51	4001.2	82.526	0.32835	47	-80.999
103.01	3989.6	81.561	0.32809	47	-80.999
103.51	3978	80.585	0.32784	47	-80.999
104.01	3966.5	79.586	0.32758	47	-80.999
104.51	3954.9	78.574	0.32733	47	-80.999
105.01	3943.4	77.548	0.32707	47	-80.999
105.51	3931.8	76.516	0.32682	47	-80.999
106.01	3920.3	75.513	0.32656	47	-80.999
106.51	3908.8	74.547	0.32631	47	-80.999
107.01	3897.2	73.604	0.32606	47	-80.999
107.51	3885.7	72.656	0.32581	47	-80.999
108.01	3874.2	71.684	0.32556	47	-80.999
108.51	3862.7	70.684	0.32532	47	-80.999
109.01	3851.2	69.661	0.32507	47	-80.999
109.51	3839.7	68.625	0.32482	47	-80.999
110.01	3828.3	67.585	0.32457	47	-80.999
110.51	3816.8	66.56	0.32432	47	-80.999
111.01	3805.3	65.561	0.32407	47	-80.999
111.51	3793.9	64.593	0.32382	47	-80.999
112.01	3782.4	63.645	0.32357	47	-80.999
112.51	3771	62.702	0.32332	47	-80.999
113.01	3759.5	61.763	0.32308	47	-80.999
113.51	3748.1	60.821	0.32283	47	-80.999
114.01	3736.7	59.864	0.32259	47	-80.999
114.51	3725.3	58.869	0.32235	47	-80.999
115.01	3713.9	57.837	0.32211	47	-80.999
115.51	3702.4	56.793	0.32187	47	-80.999
116.01	3691.1	55.739	0.32162	47	-80.999
116.51	3679.7	54.683	0.32137	47	-80.999
117.01	3668.3	53.639	0.32112	47	-80.999
117.51	3656.9	52.62	0.32087	47	-80.999
118.01	3645.5	51.632	0.32061	47	-80.999
118.51	3634.2	50.664	0.32036	47	-80.999
119.01	3622.8	49.696	0.32011	47	-80.999
119.51	3611.5	48.712	0.31987	47	-80.999
120.01	3600.1	47.7	0.31962	47	-80.999
120.51	3588.8	46.664	0.31937	47	-80.999
121.01	3577.5	45.628	0.31913	47	-80.999
121.51	3566.1	44.6	0.31888	47	-80.999
122.01	3554.8	43.558	0.31863	47	-80.999
122.51	3543.5	42.5	0.31837	47	-80.999
123.01	3532.2	41.459	0.31812	47	-80.999
123.51	3520.9	40.413	0.31787	47	-80.999
124.01	3509.6	39.338	0.31761	47	-80.999
124.51	3498.3	38.242	0.31736	47	-80.999
125.01	3487.1	37.144	0.3171	47	-81
125.51	3475.8	36.064	0.31684	47	-81
126.01	3464.5	35.003	0.31657	47	-81
126.51	3453.3	33.963	0.31631	47	-81
127.01	3442	32.944	0.31605	47	-81
127.51	3430.8	31.923	0.3158	47	-81
128.01	3419.5	30.912	0.31554	47	-81
128.51	3408.3	29.919	0.31529	47	-81
129.01	3397.1	28.935	0.31503	47	-81
129.51	3385.9	27.955	0.31479	47	-81
130.01	3374.7	26.965	0.31454	47	-81
130.51	3363.5	25.971	0.31429	47	-81
131.01	3352.3	24.992	0.31405	47	-81
131.51	3341.1	24.023	0.31381	47	-81
132.01	3329.9	23.039	0.31357	47	-81
132.51	3318.7	22.036	0.31332	47	-81
133.01	3307.5	21.012	0.31308	47	-81
133.51	3296.4	19.96	0.31284	47	-81
134.01	3285.2	18.89	0.31259	47	-81
134.51	3274.1	17.838	0.31235	47	-81
135.01	3262.9	16.812	0.3121	47	-81
135.51	3251.8	15.787	0.31185	47	-81
136.01	3240.7	14.75	0.3116	47	-81
136.51	3229.5	13.72	0.31135	47	-81
137.01	3218.4	12.695	0.3111	47	-81
137.51	3207.3	11.681	0.31085	47	-81
138.01	3196.2	10.675	0.3106	47	-81
138.51	3185.1	9.6639	0.31035	47	-81
139.01	3174	8.6573	0.31011	47	-81
139.51	3162.9	7.6437	0.30986	47	-81
140.01	3151.8	6.6208	0.30962	47	-81
140.51	3140.8	5.5922	0.30937	47	-81
141.01	3129.7	4.5767	0.30913	47	-81
141.51	3118.6	3.6064	0.30888	47	-81
142.01	3107.6	2.6408	0.30864	47	-81
142.51	3096.5	1.6375	0.3084	47	-81
143.01	3085.5	0.60754	0.30816	47	-81
143.51	3074.5	-0.428	0.30792	47	-81
144.01	3063.4	-1.4539	0.30767	47	-81
144.51	3052.4	-2.4667	0.30743	47	-81
145.01	3041.4	-3.468	0.30719	47	-81
145.51	3030.4	-4.467	0.30694	47	-81
146.01	3019.4	-5.4541	0.3067	47	-81
146.51	3008.4	-6.4211	0.30646	47	-81
147.01	2997.4	-7.3797	0.30622	47	-81
147.51	2986.4	-8.3495	0.30599	47	-81
148.01	2975.4	-9.3224	0.30575	47	-81
148.51	2964.4	-10.283	0.30552	47	-81
149.01	2953.5	-11.239	0.30528	47	-81
149.51	2942.5	-12.224	0.30505	47	-81
150.01	2931.5	-13.248	0.30482	47	-81
150.51	2920.6	-14.291	0.30458	47	-81
151.01	2909.6	-15.322	0.30435	47	-81
151.51	2898.7	-16.319	0.30411	47	-81
152.01	2887.8	-17.288	0.30387	47	-81
152.51	2876.8	-18.229	0.30363	47	-81
153.01	2865.9	-19.151	0.3034	47	-81
153.51	2855	-20.056	0.30317	47	-81
154.01	2844.1	-20.959	0.30294	47	-81
154.51	2833.2	-21.892	0.30272	47	-81
155.01	2822.3	-22.834	0.30249	47	-81
155.51	2811.4	-23.77	0.30227	47	-81
156.01	2800.5	-24.723	0.30205	47	-81
156.51	2789.7	-25.695	0.30182	47	-81
157.01	2778.8	-26.686	0.3016	47	-81
157.51	2767.9	-27.688	0.30137	47	-81
158.01	2757.1	-28.708	0.30114	47	-81
158.51	2746.2	-29.759	0.30091	47	-81
159.01	2735.4	-30.832	0.30068	47	-81
159.51	2724.5	-31.902	0.30044	47	-81
160.01	2713.7	-32.959	0.30019	47	-81
160.51	2702.9	-33.995	0.29995	47	-81
161.01	2692.1	-34.991	0.29971	47	-81
161.51	2681.2	-35.962	0.29947	47	-81
162.01	2670.4	-36.932	0.29923	47	-81
162.51	2659.6	-37.904	0.29899	47	-81
163.01	2648.8	-38.878	0.29876	47	-81.001
163.51	2638	-39.854	0.29852	47	-81.001
164.01	2627.3	-40.828	0.29829	47	-81.001
164.51	2616.5	-41.806	0.29806	47	-81.001
165.01	2605.7	-42.799	0.29783	47	-81.001
165.51	2594.9	-43.798	0.2976	47	-81.001
166.01	2584.2	-44.812	0.29737	47	-81.001
166.51	2573.4	-45.835	0.29714	47	-81.001
167.01	2562.7	-46.843	0.2969	47	-81.001
167.51	2551.9	-47.824	0.29667	47	-81.001
168.01	2541.2	-48.798	0.29643	47	-81.001
168.51	2530.4	-49.791	0.2962	47	-81.001
169.01	2519.7	-50.814	0.29597	47	-81.001
169.51	2509	-51.852	0.29574	47	-81.001
170.01	2498.3	-52.896	0.2955	47	-81.001
170.51	2487.6	-53.949	0.29527	47	-81.001
171.01	2476.9	-55.018	0.29503	47	-81.001
171.51	2466.2	-56.111	0.29479	47	-81.001
172.01	2455.5	-57.214	0.29454	47	-81.001
172.51	2444.8	-58.299	0.29429	47	-81.001
173.01	2434.1	-59.361	0.29405	47	-81.001
173.51	2423.4	-60.426	0.2938	47	-81.001
174.01	2412.8	-61.484	0.29355	47	-81.001
174.51	2402.1	-62.525	0.2933	47	-81.001
175.01	2391.4	-63.58	0.29306	47	-81.001
175.51	2380.8	-64.654	0.29281	47	-81.001
176.01	2370.1	-65.741	0.29257	47	-81.001
176.51	2359.5	-66.826	0.29232	47	-81.001
177.01	2348.9	-67.888	0.29207	47	-81.001
177.51	2338.2	-68.929	0.29183	47	-81.001
178.01	2327.6	-69.962	0.29158	47	-81.001
178.51	2317	-70.983	0.29134	47	-81.001
179.01	2306.4	-71.995	0.29109	47	-81.001
179.51	2295.8	-73.004	0.29085	47	-81.001
180.01	2285.2	-74.017	0.29062	47	-81.001
180.51	2274.6	-75.031	0.29038	47	-81.001
181.01	2264	-76.039	0.29014	47	-81.001
181.51	2253.4	-77.043	0.28991	47	-81.001
182.01	2242.8	-78.057	0.28967	47	-81.001
182.51	2232.3	-79.085	0.28944	47	-81.001
183.01	2221.7	-80.117	0.2892	47	-81.001
183.51	2211.1	-81.147	0.28897	47	-81.001
184.01	2200.6	-82.164	0.28873	47	-81.001
184.51	2190	-83.179	0.2885	47	-81.001
185.01	2179.5	-84.198	0.28827	47	-81.001
185.51	2168.9	-85.215	0.28803	47	-81.001
186.01	2158.4	-86.25	0.2878	47	-81.001
186.51	2147.9	-87.306	0.28756	47	-81.001
187.01	2137.4	-88.363	0.28733	47	-81.001
187.51	2126.8	-89.421	0.28709	47	-81.001
188.01	2116.3	-90.481	0.28685	47	-81.001
188.51	2105.8	-91.525	0.28661	47	-81.001
189.01	2095.3	-92.532	0.28637	47	-81.001
189.51	2084.8	-93.529	0.28614	47	-81.001
190.01	2074.3	-94.545	0.2859	47	-81.001
190.51	2063.9	-95.558	0.28567	47	-81.001
191.01	2053.4	-96.555	0.28544	47	-81.001
191.51	2042.9	-97.53	0.2852	47	-81.001
192.01	2032.5	-98.491	0.28497	47	-81.001
192.51	2022	-99.447	0.28475	47	-81.001
193.01	2011.5	-100.41	0.28452	47	-81.001
193.51	2001.1	-101.4	0.2843	47	-81.001
194.01	1990.6	-102.4	0.28408	47	-81.001
194.51	1980.2	-103.41	0.28385	47	-81.001
195.01	1969.8	-104.44	0.28363	47	-81.001
195.51	1959.3	-105.44	0.2834	47	-81.001
196.01	1948.9	-106.4	0.28317	47	-81.001
196.51	1938.5	-107.36	0.28295	47	-81.001
197.01	1928.1	-108.33	0.28272	47	-81.001
197.51	1917.7	-109.31	0.2825	47	-81.001
198.01	1907.3	-110.3	0.28228	47	-81.001
198.51	1896.9	-111.3	0.28206	47	-81.001
199.01	1886.5	-112.28	0.28184	47	-81.001
199.51	1876.1	-113.24	0.28161	47	-81.001
200.01	1865.7	-114.18	0.28139	47	-81.002
200.51	1855.4	-115.13	0.28117	47	-81.002
201.01	1845	-116.07	0.28095	47	-81.002
201.51	1834.6	-117.04	0.28074	47	-81.002
202.01	1824.3	-118.01	0.28052	47	-81.002
202.51	1813.9	-118.99	0.2803	47	-81.002
203.01	1803.6	-119.97	0.28009	47	-81.002
203.51	1793.2	-120.96	0.27987	47	-81.002
204.01	1782.9	-121.96	0.27965	47	-81.002
204.51	1772.6	-122.98	0.27943	47	-81.002
205.01	1762.2	-124.02	0.27921	47	-81.002
205.51	1751.9	-125.06	0.27898	47	-81.002
206.01	1741.6	-126.08	0.27875	47	-81.002
206.51	1731.3	-127.11	0.27853	47	-81.002
207.01	1721	-128.16	0.2783	47	-81.002
207.51	1710.7	-129.25	0.27807	47	-81.002
208.01	1700.4	-130.33	0.27784	47	-81.002
208.51	1690.1	-131.42	0.2776	47	-81.002
209.01	1679.8	-132.51	0.27736	47	-81.002
209.51	1669.6	-133.62	0.27712	47	-81.002
210.01	1659.3	-134.73	0.27688	47	-81.002
210.51	1649	-135.82	0.27664	47	-81.002
211.01	1638.7	-136.9	0.2764	47	-81.002
211.51	1628.5	-137.96	0.27616	47	-81.002
212.01	1618.2	-139.01	0.27592	47	-81.002
212.51	1608	-140.05	0.27568	47	-81.002
213.01	1597.8	-141.07	0.27544	47	-81.002
213.51	1587.5	-142.09	0.27521	47	-81.002
214.01	1577.3	-143.12	0.27497	47	-81.002
214.51	1567.1	-144.17	0.27474	47	-81.002
215.01	1556.8	-145.21	0.27451	47	-81.002
215.51	1546.6	-146.23	0.27428	47	-81.002
216.01	1536.4	-147.24	0.27405	47	-81.002
216.51	1526.2	-148.23	0.27382	47	-81.002
217.01	1516	-149.22	0.27359	47	-81.002
217.51	1505.8	-150.21	0.27337	47	-81.002
218.01	1495.6	-151.21	0.27314	47	-81.002
218.51	1485.4	-152.21	0.27292	47	-81.002
219.01	1475.3	-153.21	0.2727	47	-81.002
219.51	1465.1	-154.18	0.27248	47	-81.002
220.01	1454.9	-155.14	0.27226	47	-81.002
220.51	1444.8	-156.11	0.27204	47	-81.002
221.01	1434.6	-157.1	0.27182	47	-81.002
221.51	1424.4	-158.07	0.2716	47	-81.002
222.01	1414.3	-159.03	0.27138	47	-81.002
222.51	1404.1	-159.97	0.27117	47	-81.002
223.01	1394	-160.92	0.27096	47	-81.002
223.51	1383.9	-161.85	0.27074	47	-81.002
224.01	1373.7	-162.8	0.27053	47	-81.002
224.51	1363.6	-163.78	0.27032	47	-81.002
225.01	1353.5	-164.8	0.27011	47	-81.002
225.51	1343.4	-165.84	0.2699	47	-81.002
226.01	1333.3	-166.88	0.26968	47	-81.002
226.51	1323.2	-167.95	0.26946	47	-81.002
227.01	1313.1	-169.03	0.26924	47	-81.002
227.51	1303	-170.08	0.26901	47	-81.002
228.01	1292.9	-171.1	0.26878	47	-81.002
228.51	1282.8	-172.12	0.26855	47	-81.002
229.01	1272.8	-173.1	0.26833	47	-81.002
229.51	1262.7	-174.04	0.2681	47	-81.002
230.01	1252.6	-174.96	0.26789	47	-81.002
230.51	1242.6	-175.88	0.26767	47	-81.002
231.01	1232.5	-176.78	0.26746	47	-81.002
231.51	1222.4	-177.66	0.26725	47	-81.002
232.01	1212.4	-178.55	0.26705	47	-81.002
232.51	1202.4	-179.43	0.26685	47	-81.002
233.01	1192.3	-180.35	0.26665	47	-81.002
233.51	1182.3	-181.31	0.26645	47	-81.002
234.01	1172.3	-182.31	0.26625	47	-81.002
234.51	1162.2	-183.33	0.26604	47	-81.002
235.01	1152.2	-184.31	0.26583	47	-81.002
235.51	1142.2	-185.25	0.26562	47	-81.002
236.01	1132.2	-186.19	0.26541	47	-81.002
236.51	1122.2	-187.13	0.2652	47	-81.002
237.01	1112.2	-188.06	0.265	47	-81.002
237.51	1102.2	-189	0.26479	47	-81.002
238.01	1092.2	-189.93	0.26459	47	-81.003
238.51	1082.2	-190.86	0.26438	47	-81.003
239.01	1072.3	-191.79	0.26418	47	-81.003
239.51	1062.3	-192.74	0.26398	47	-81.003
240.01	1052.3	-193.73	0.26377	47	-81.003
240.51	1042.4	-194.75	0.26357	47	-81.003
241.01	1032.4	-195.8	0.26336	47	-81.003
241.51	1022.4	-196.85	0.26314	47	-81.003
242.01	1012.5	-197.91	0.26292	47	-81.003
242.51	1002.6	-198.99	0.2627	47	-81.003
243.01	992.61	-200.05	0.26248	47	-81.003
243.51	982.68	-201.1	0.26226	47	-81.003
244.01	972.75	-202.14	0.26203	47	-81.003
244.51	962.82	-203.16	0.26181	47	-81.003
245.01	952.9	-204.16	0.26158	47	-81.003
245.51	942.99	-205.15	0.26136	47	-81.003
246.01	933.07	-206.12	0.26114	47	-81.003
246.51	923.17	-207.07	0.26092	47	-81.003
247.01	913.27	-208.01	0.26071	47	-81.003
247.51	903.37	-208.96	0.2605	47	-81.003
248.01	893.48	-209.92	0.26029	47	-81.003
248.51	883.59	-210.9	0.26008	47	-81.003
249.01	873.71	-211.89	0.25987	47	-81.003
249.51	863.84	-212.9	0.25966	47	-81.003
250.01	853.96	-213.94	0.25945	47	-81.003
250.51	844.1	-215	0.25924	47	-81.003
251.01	834.23	-216.07	0.25902	47	-81.003
251.51	824.38	-217.13	0.2588	47	-81.003
252.01	814.53	-218.17	0.25858	47	-81.003
252.51	804.68	-219.19	0.25835	47	-81.003
253.01	794.83	-220.18	0.25813	47	-81.003
253.51	785	-221.19	0.25791	47	-81.003
254.01	775.16	-222.22	0.2577	47	-81.003
254.51	765.33	-223.29	0.25748	47	-81.003
255.01	755.51	-224.38	0.25726	47	-81.003
255.51	745.69	-225.47	0.25703	47	-81.003
256.01	735.88	-226.55	0.25681	47	-81.003
256.51	726.07	-227.6	0.25658	47	-81.003
257.01	716.26	-228.63	0.25635	47	-81.003
257.51	706.46	-229.64	0.25613	47	-81.003
258.01	696.67	-230.63	0.25591	47	-81.003
258.51	686.87	-231.59	0.25569	47	-81.003
259.01	677.09	-232.55	0.25547	47	-81.003
259.51	667.31	-233.51	0.25526	47	-81.003
260.01	657.53	-234.42	0.25505	47	-81.003
260.51	647.76	-235.32	0.25484	47	-81.003
261.01	637.99	-236.25	0.25464	47	-81.003
261.51	628.23	-237.2	0.25444	47	-81.003
262.01	618.47	-238.18	0.25424	47	-81.003
262.51	608.71	-239.19	0.25404	47	-81.003
263.01	598.96	-240.22	0.25383	47	-81.003
263.51	589.22	-241.26	0.25362	47	-81.003
264.01	579.48	-242.28	0.25341	47	-81.003
264.51	569.74	-243.29	0.2532	47	-81.003
265.01	560.01	-244.3	0.25299	47	-81.003
265.51	550.28	-245.27	0.25277	47	-81.003
266.01	540.56	-246.23	0.25256	47	-81.003
266.51	530.84	-247.16	0.25235	47	-81.003
267.01	521.13	-248.1	0.25215	47	-81.003
267.51	511.42	-249.07	0.25194	47	-81.003
268.01	501.72	-250.05	0.25174	47	-81.003
268.51	492.01	-251.06	0.25153	47	-81.003
269.01	482.32	-252.07	0.25133	47	-81.003
269.51	472.63	-253.08	0.25112	47	-81.003
270.01	462.94	-254.09	0.25091	47	-81.003
270.51	453.26	-255.12	0.2507	47	-81.003
271.01	443.58	-256.17	0.25049	47	-81.003
271.51	433.91	-257.21	0.25027	47	-81.003
272.01	424.24	-258.21	0.25006	47	-81.003
272.51	414.58	-259.17	0.24985	47	-81.003
273.01	404.92	-260.11	0.24964	47	-81.003
273.51	395.27	-261.06	0.24943	47	-81.003
274.01	385.62	-262.06	0.24922	47	-81.003
274.51	375.97	-263.09	0.24902	47	-81.003
275.01	366.33	-264.13	0.24881	47	-81.003
275.51	356.7	-265.13	0.2486	47	-81.003
276.01	347.07	-266.09	0.24839	47	-81.004
276.51	337.44	-267.03	0.24818	47	-81.004
277.01	327.82	-267.98	0.24797	47	-81.004
277.51	318.2	-268.96	0.24777	47	-81.004
278.01	308.59	-269.93	0.24757	47	-81.004
278.51	298.98	-270.89	0.24736	47	-81.004
279.01	289.37	-271.85	0.24716	47	-81.004
279.51	279.77	-272.83	0.24696	47	-81.004
280.01	270.18	-273.81	0.24676	47	-81.004
280.51	260.59	-274.82	0.24655	47	-81.004
281.01	251	-275.8	0.24635	47	-81.004
281.51	241.42	-276.76	0.24614	47	-81.004
# Event RECOVERY_DEVICE_DEPLOYMENT occurred at t=281.51 seconds
282.01	231.84	-277.73	0.24594	47	-81.004
282.02	231.6	-277.76	0.24594	47	-81.004
282.03	231.35	-277.78	0.24593	47	-81.004
282.05	231.09	-277.81	0.24592	47	-81.004
282.06	230.82	-277.85	0.24592	47	-81.004
282.08	230.53	-277.88	0.24591	47	-81.004
282.1	230.23	-277.92	0.24591	47	-81.004
282.12	229.92	-277.96	0.2459	47	-81.004
282.14	229.58	-278	0.24589	47	-81.004
282.16	229.23	-278.05	0.24588	47	-81.004
282.19	228.85	-278.11	0.24588	47	-81.004
282.22	228.44	-278.17	0.24587	47	-81.004
282.25	228	-278.24	0.24586	47	-81.004
282.29	227.52	-278.32	0.24585	47	-81.004
282.33	226.98	-278.41	0.24584	47	-81.004
282.38	226.39	-278.52	0.24582	47	-81.004
282.44	225.71	-278.65	0.24581	47	-81.004
282.51	224.92	-278.81	0.24579	47	-81.004
282.61	223.95	-279.02	0.24577	47	-81.004
282.73	222.72	-279.29	0.24574	47	-81.004
282.92	220.98	-279.68	0.2457	47	-81.004
283.26	217.94	-280.39	0.24564	47	-81.004
283.76	213.64	-281.41	0.24554	47	-81.004
284.26	209.37	-282.45	0.24544	47	-81.004
284.76	205.09	-283.49	0.24535	47	-81.004
285.26	200.82	-284.56	0.24525	47	-81.004
285.76	196.55	-285.62	0.24515	47	-81.004
286.26	192.28	-286.72	0.24505	47	-81.004
286.76	188.01	-287.79	0.24495	47	-81.004
287.26	183.74	-288.82	0.24485	47	-81.004
287.76	179.47	-289.86	0.24476	47	-81.004
288.26	175.2	-290.94	0.24466	47	-81.004
288.76	170.94	-292.06	0.24456	47	-81.004
289.26	166.67	-293.12	0.24446	47	-81.004
289.76	162.41	-294.06	0.24436	47	-81.004
290.26	158.15	-294.98	0.24427	47	-81.004
290.76	153.88	-295.97	0.24418	47	-81.004
291.26	149.62	-296.99	0.24409	47	-81.004
291.76	145.36	-298.05	0.244	47	-81.004
292.26	141.1	-299.18	0.2439	47	-81.004
292.76	136.84	-300.3	0.2438	47	-81.004
293.26	132.58	-301.36	0.2437	47	-81.004
293.76	128.32	-302.36	0.2436	47	-81.004
294.26	124.06	-303.34	0.2435	47	-81.004
294.76	119.81	-304.34	0.24341	47	-81.004
295.26	115.55	-305.33	0.24331	47	-81.004
295.76	111.3	-306.33	0.24322	47	-81.004
296.26	107.04	-307.41	0.24313	47	-81.004
296.76	102.79	-308.49	0.24303	47	-81.004
297.26	98.541	-309.49	0.24293	47	-81.004
297.76	94.29	-310.45	0.24284	47	-81.004
298.26	90.039	-311.42	0.24275	47	-81.004
298.76	85.789	-312.36	0.24266	47	-81.004
299.26	81.54	-313.28	0.24257	47	-81.004
299.76	77.292	-314.22	0.24248	47	-81.004
300.26	73.045	-315.21	0.2424	47	-81.004
300.76	68.799	-316.21	0.24231	47	-81.004
301.26	64.554	-317.15	0.24222	47	-81.004
301.76	60.31	-318.12	0.24213	47	-81.004
302.26	56.067	-319.16	0.24204	47	-81.004
302.76	51.824	-320.24	0.24195	47	-81.004
303.26	47.582	-321.32	0.24185	47	-81.004
303.76	43.341	-322.34	0.24175	47	-81.004
304.26	39.101	-323.35	0.24165	47	-81.004
304.76	34.861	-324.36	0.24156	47	-81.004
305.26	30.622	-325.4	0.24147	47	-81.004
305.76	26.384	-326.41	0.24137	47	-81.004
306.26	22.147	-327.38	0.24128	47	-81.004
306.76	17.911	-328.37	0.24119	47	-81.004
307.26	13.676	-329.34	0.2411	47	-81.004
307.76	9.4415	-330.24	0.24101	47	-81.004
308.26	5.2089	-331.16	0.24092	47	-81.004
308.76	0.97695	-332.16	0.24083	47	-81.004
# Event GROUND_HIT occurred at t=309.26 seconds
# Event SIMULATION_END occurred at t=309.26 seconds
309.26	-3.2553	-333.18	0.24075	47	-81.004
